0 2,1 0,2 0,3 1,4 3,3 3,2 2,1
1 0,1 2,0 2,4 / 0,4 3,4
2 0,1 1,0 3,1 0,4 3,4
3 0,1 1,0 3,1 2,2 3,3 1,4 0,3
4 3,3 0,3 2,0 2,4
5 3,0 1,0 0,2 3,2 2,4 0,4
6 2,0 0,2 1,4 3,3 1,1
7 0,0 3,0 1,3 1,4
8 3,0 1,0 0,1 3,4 1,4 0,3 3,0
9 1,4 3,2 2,0 0,1 2,3
A 0,4 1,0 3,4 / 1,3 3,3
B 0,0 3,0 2,2 3,4 0,4 0,0
C 3,1 2,0 0,0 0,4 2,4 3,3
D 0,0 2,0 3,2 2,4 0,4 0,0
E 3,0 0,0 0,4 3,4 / 0,2 2,2
F 3,0 0,0 0,4 / 0,2 2,2
G 3,0 0,0 0,4 3,4 3,3 3,2 1,2
H 0,0 0,4 / 0,2 3,2 / 3,0 3,4
I 1,0 3,0 2,1 2,3 1,4 3,4
J 3,0 2,0 2,4 0,4 0,3
K 0,0 0,4 / 0,2 1,2 / 3,0 1,2 3,4
L 0,0 0,4 3,4
M 0,4 0,0 2,2 1,2 3,0 3,4
N 0,4 0,0 3,4 3,0
O 0,0 0,4 3,4 3,0 0,0
P 0,4 0,0 3,0 3,2 0,2
Q 0,0 0,4 3,3 2,0 0,0 / 2,3 3,4
R 0,4 0,0 3,0 3,2 0,2 3,4
S 2,0 0,1 3,3 1,4
T 1,1 0,0 3,0 1,1 1,4
U 0,0 0,4 3,4 3,0
V 0,0 0,4 3,0
W 0,0 0,4 2,2 1,2 3,4 3,0
X 0,0 3,4 / 3,0 0,4
Y 0,0 1,3 3,0 / 1,3 1,4
Z 0,0 3,0 0,4 3,4
/ 3,0 0,4
